4.0
000111000001101110111101000000
001001101101111000001011
011101000110111001001010
001010111010100111111001111010111010
001000101001100011100000110111
0001000000111111
110101011110101000001001
11000100101101111111111011100000011101100101010101110110101110010110100010100010
1001000001110000100010010111111011000100001011111
000010011101111111110010000000001101000000100011
0100011100110010011100111
010100101100011100000010
0000101111000101
111011000110001110011000001111101000101000111100
101010100110111
0110000010
000000011000111100001010001011001101010100
011110011010001011011110111001100110001110100101011001
0101000101111101000100110001
100000101100101011
