11011000110100110101010111110011001101011101011010111010111100111
1111100110011111010001110111010001111111000110010110011100011101111101
001110000110010010010011001100001001110010010000010001110100100100001001
001101110001110001100101010011011110011100110101110110011110101011010110
10011110110100101110110010101011101010010010010110010111010010110110011011101100
000100010000000010101001011100001011100011110010010001000010100100011101001100100011010001101000010
0100011001100010011111001110101111110101000010000110110010110010111100101100111100101111001100111101
00000100101100100110000101010010111111101100010011110100011010001100110111011000001011111100000001101010
10000100010101111101011100001001100011111010010001100111011011000110010100011100110010010100111001010100001000
11000100111001011111011101011000001000011010100100111011101110100100011011011001001001010000011111111000010111
110111011010000100001010001000001100010010110000000101011000011000110001001101111101000101000010011001010011010110011010
0011000001010110001010101011001000010001110000111101010011100111011100111010010000101101100100111010100000100100011110101
10000110011000011001001100010001111111101101101001001000111001010001010110001000100010110111110010001000000010111101101000111110
00110001001100001011000010000011010010001111010011000000011110110001111011000111110100100101011101010110110110101100000001010100001011110100001
0000101011100111111000011110001100010100100101001101001010101101110000101010010110101010110001011100010011000000111110100010101111001010000111101100101110
1000101111011010101100111011110000011011101110010011100111100011110110000010111111110100110011101011101111101000000111111011000111000101101000010011101101
011000011110101110000100100011111101100101010011111010010100110110100110000101001111000100100011011100100000000011110100100100100001011000101111010110110010110111011110
110110111000101011000110000110111001101010110111000010010011011000100111010011000010100010000001110101001100010101111011101101100101100011010100011000110010001000011101100110010001000100101000
10111010101001100100011000100110100010111100101010010110000111011101000100011111111110010011110011001111100111010010000100010111100001100100111000011010111111101100111011010100011101111011111010010000010101110100101111110
010111101000100111000011001010100100110111110110011101010010110000010110100000101000001110100010110100000010010000110010101111011011100011111010011000010001110001000111001101010011101011110110110010001111011000010110111000001111000101100011
