6.0
01011001001011110011
11101001110100001111
00001110101101010110100010011100110110110110
1110110000011100101111010110111100111111
0110111010001100100101000011110110001000010111010111010100000001101010000001000100000110
110011110001110110001000001001110110111011101011011111001110110001000110111111000010
010111100000000011101010110101100100100100001011000101110010111
111000000111001000010010010000101100110101010011001001111010010000101101101111000000110111010100
111001000110100010101010110111110111000001101000011111111110010111
000001010101011100000001110010010011111110001100011100010001100011011010000010100001100011001100011100111010110011011
001001011011000011101000101010100010100101000011100001101001011101110100101001001000000100
111011010100011101000000101100
101110010001010010101010010100111001110010011111
10011110001100111000010000010111001011011111011011110001
001000011111000101101001110001011101011010111100011001110000011100110011
111011101011011001111100101100
010110000111010111100101100
110010111001110100101111000000000011001111011101001011011011011100101100
000110111111001001111010011
100000110110010011001101111010010000
